Spaces in Ciphertext 1: [2, 6, 13, 17, 24, 32, 40, 51, 58, 70, 74, 81]
Spaces in Ciphertext 2: [5, 11, 20, 26, 31, 39, 47, 55, 57, 64, 70, 73, 80, 82, 93]
Spaces in Ciphertext 3: [3, 8, 14, 20, 28, 31, 38, 53, 57, 63, 65, 69, 72, 78, 85, 89]
Spaces in Ciphertext 4: [3, 14, 23, 26, 28, 33, 35, 44, 54, 60, 63, 68, 71, 82, 91]
Spaces in Ciphertext 5: [3, 7, 9, 17, 21, 23, 27, 30, 34, 35, 39, 44, 46, 50, 54, 66, 69, 78, 85, 90]
Spaces in Ciphertext 6: [5, 9, 13, 19, 22, 36, 37, 42, 48, 53, 58, 66, 71, 76, 81, 88, 105] 
Spaces in Ciphertext 7: [5, 9, 13, 19, 22, 39, 44, 51, 55, 66, 69, 73, 79, 85, 88, 108]
Spaces in Ciphertext 8: [2, 6, 10, 20, 26, 30, 38, 46, 49, 51, 57, 61, 64, 69, 73, 82, 87, 93]
Spaces in Ciphertext 9: [1, 10, 15, 16, 27, 34, 35, 41, 43, 55, 62, 64, 74, 78, 89, 107]
Spaces in Ciphertext 11: [3, 10, 18, 22, 27, 33, 42, 50, 56, 60, 64, 68, 73, 78, 86, 88]
Spaces in Ciphertext 10: [4, 12, 29, 34, 36, 45, 52, 55, 59, 63, 66, 67, 75, 77, 79, 87]
xhe_secuet_mxsxxxx_isx_Whxn_using_ansxxxxx_cipherx_nxxxr_usx_xhx_kxx_mxxx_txxx_xnxx
The_secret_message_isx_When_using_a_stream_cipher,_never_use_the_key_more_than_once

11 xor 1: [2, 3, 6, 10, 13, 17, 18, 21, 22, 24, 25, 32, 33, 35, 40, 42, 51, 54, 56, 58, 60, 63, 64, 68, 70, 73, 74, 78, 81, 82, 86, 88, 89, 96, 104, 114, 133],
11 xor 2: [3, 5, 10, 11, 18, 20, 22, 26, 27, 31, 33, 39, 42, 47, 49, 50, 55, 56, 57, 60, 68, 70, 78, 80, 81, 82, 83, 86, 88],
11 xor 3: [8, 10, 14, 18, 20, 22, 27, 28, 31, 33, 38, 42, 49, 50, 53, 56, 57, 60, 63, 64, 65, 68, 69, 72, 73, 89],
11 xor 4: [10, 14, 18, 22, 26, 27, 28, 35, 42, 44, 50, 54, 56, 63, 64, 71, 73, 78, 82, 86, 88, 95, 104, 118, 129, 134],
11 xor 5: [7, 9, 10, 14, 17, 18, 22, 30, 33, 34, 35, 39, 42, 44, 46, 49, 54, 56, 60, 64, 66, 68, 69, 73, 88, 104],
11 xor 6: [3, 5, 9, 10, 13, 18, 19, 27, 33, 37, 48, 50, 53, 56, 58, 60, 64, 66, 68, 71, 73, 76, 78, 81, 86, 104, 105, 114, 118],
11 xor 7: [3, 5, 9, 10, 13, 18, 19, 27, 33, 39, 42, 44, 50, 51, 55, 60, 64, 66, 68, 69, 78, 79, 86, 95, 96, 114, 118, 130, 160, 168],
11 xor 8: [2, 3, 6, 14, 18, 20, 21, 22, 26, 27, 30, 33, 38, 42, 46, 50, 51, 56, 57, 60, 61, 68, 69, 78, 82, 88, 95, 96, 104, 115, 118, 121],
11 xor 9: [1, 2, 3, 14, 15, 16, 18, 21, 22, 33, 34, 35, 41, 43, 49, 50, 54, 55, 56, 60, 62, 68, 73, 74, 86, 88, 89, 96, 104, 114],
11 xor 10: [3, 4, 10, 12, 18, 21, 22, 27, 29, 30, 32, 34, 36, 42, 45, 50, 52, 55, 56, 59, 60, 63, 64, 66, 67, 68, 73, 75, 77, 78, 79, 86, 88]